a = [1,2,3,4,5; 0,9,8,7,4; 6,5,4,3,3; 2,1,2,3,4; 2,3,4,5,6];
corners = [a(1,1), a(5,1), a(1,5), a(5,5)]
a(3,:) = []
a(3,2) = 5